['SHRGT45']
/media/admin123/TOSHIBA EXT/paper/RNN_Att_paper/solar_flare_RNN/data/20220418_202240/test
LSTM 1 40
[0.61513158 0.61513158]
[0.67828947 0.67828947]
[0.69473684 0.69473684]
[0.73421053 0.73421053]
[0.69276316 0.69276316]
[0.63552632 0.63552632]
[0.67565789 0.67565789]
[0.70328947 0.70328947]
[0.57763158 0.57763158]
[0.62763158 0.62763158]
0.6634868421052631	0.04534727686852412	0.6635±0.0453
==================================
['SHRGT45', 'MEANPOT']
/media/admin123/TOSHIBA EXT/paper/RNN_Att_paper/solar_flare_RNN/data/20220418_202240/test
LSTM 2 40
[0.59210526 0.59210526]
[0.68815789 0.68815789]
[0.64802632 0.64802632]
[0.66710526 0.66710526]
[0.63157895 0.63157895]
[0.65 0.65]
[0.71513158 0.71513158]
[0.70065789 0.70065789]
[0.65526316 0.65526316]
[0.65921053 0.65921053]
0.6607236842105264	0.033488134604360675	0.6607±0.0335
==================================
['SHRGT45', 'MEANPOT', 'AREA_ACR']
/media/admin123/TOSHIBA EXT/paper/RNN_Att_paper/solar_flare_RNN/data/20220418_202240/test
LSTM 3 40
[0.53552632 0.53552632]
[0.70723684 0.70723684]
[0.65263158 0.65263158]
[0.64473684 0.64473684]
[0.62631579 0.62631579]
[0.67960526 0.67960526]
[0.61973684 0.61973684]
[0.67960526 0.67960526]
[0.67631579 0.67631579]
[0.56644737 0.56644737]
0.6388157894736842	0.05105619222526234	0.6388±0.0511
==================================
['SHRGT45', 'MEANPOT', 'AREA_ACR', 'TOTPOT']
/media/admin123/TOSHIBA EXT/paper/RNN_Att_paper/solar_flare_RNN/data/20220418_202240/test
LSTM 4 40
[0.56447368 0.56447368]
[0.72368421 0.72368421]
[0.5875 0.5875]
[0.63223684 0.63223684]
[0.55526316 0.55526316]
[0.67960526 0.67960526]
[0.6 0.6]
[0.71184211 0.71184211]
[0.65328947 0.65328947]
[0.57105263 0.57105263]
0.6278947368421053	0.058735816346447894	0.6279±0.0587
==================================
['SHRGT45', 'MEANPOT', 'AREA_ACR', 'TOTPOT', 'ABSNJZH']
/media/admin123/TOSHIBA EXT/paper/RNN_Att_paper/solar_flare_RNN/data/20220418_202240/test
LSTM 5 40
[0.52302632 0.52302632]
[0.70723684 0.70723684]
[0.63815789 0.63815789]
[0.65131579 0.65131579]
[0.58026316 0.58026316]
[0.67960526 0.67960526]
[0.60394737 0.60394737]
[0.73881579 0.73881579]
[0.61052632 0.61052632]
[0.54802632 0.54802632]
0.6280921052631578	0.06515088097826281	0.6281±0.0652
==================================
['SHRGT45', 'MEANPOT', 'AREA_ACR', 'TOTPOT', 'ABSNJZH', 'SAVNCPP']
/media/admin123/TOSHIBA EXT/paper/RNN_Att_paper/solar_flare_RNN/data/20220418_202240/test
LSTM 6 40
[0.53947368 0.53947368]
[0.69671053 0.69671053]
[0.62105263 0.62105263]
[0.65789474 0.65789474]
[0.58421053 0.58421053]
[0.67960526 0.67960526]
[0.59210526 0.59210526]
[0.70723684 0.70723684]
[0.59605263 0.59605263]
[0.55855263 0.55855263]
0.6232894736842105	0.05591888540692092	0.6233±0.0559
==================================
['SHRGT45', 'MEANPOT', 'AREA_ACR', 'TOTPOT', 'ABSNJZH', 'SAVNCPP', 'TOTUSJZ']
/media/admin123/TOSHIBA EXT/paper/RNN_Att_paper/solar_flare_RNN/data/20220418_202240/test
LSTM 7 40
[0.53552632 0.53552632]
[0.72171053 0.72171053]
[0.60657895 0.60657895]
[0.65986842 0.65986842]
[0.55526316 0.55526316]
[0.67960526 0.67960526]
[0.63421053 0.63421053]
[0.70526316 0.70526316]
[0.61118421 0.61118421]
[0.58355263 0.58355263]
0.6292763157894737	0.05917049085088467	0.6293±0.0592
==================================
['SHRGT45', 'MEANPOT', 'AREA_ACR', 'TOTPOT', 'ABSNJZH', 'SAVNCPP', 'TOTUSJZ', 'TOTUSJH']
/media/admin123/TOSHIBA EXT/paper/RNN_Att_paper/solar_flare_RNN/data/20220418_202240/test
LSTM 8 40
[0.53552632 0.53552632]
[0.71973684 0.71973684]
[0.64407895 0.64407895]
[0.66184211 0.66184211]
[0.56578947 0.56578947]
[0.67960526 0.67960526]
[0.61907895 0.61907895]
[0.70723684 0.70723684]
[0.60921053 0.60921053]
[0.57302632 0.57302632]
0.6315131578947367	0.058748526533063755	0.6315±0.0587
==================================
['SHRGT45']
/media/admin123/TOSHIBA EXT/paper/RNN_Att_paper/solar_flare_RNN/data/20220418_202240/test
Bi_LSTM 1 40
[0.56052632 0.56052632]
[0.70328947 0.70328947]
[0.67368421 0.67368421]
[0.69671053 0.69671053]
[0.69078947 0.69078947]
[0.72763158 0.72763158]
[0.65657895 0.65657895]
[0.71315789 0.71315789]
[0.65263158 0.65263158]
[0.65921053 0.65921053]
0.673421052631579	0.04462854539094806	0.6734±0.0446
==================================
['SHRGT45', 'MEANPOT']
/media/admin123/TOSHIBA EXT/paper/RNN_Att_paper/solar_flare_RNN/data/20220418_202240/test
Bi_LSTM 2 40
[0.59802632 0.59802632]
[0.68815789 0.68815789]
[0.69868421 0.69868421]
[0.69736842 0.69736842]
[0.64276316 0.64276316]
[0.6375 0.6375]
[0.68552632 0.68552632]
[0.68026316 0.68026316]
[0.70526316 0.70526316]
[0.61052632 0.61052632]
0.6644078947368421	0.03700557016168903	0.6644±0.0370
==================================
['SHRGT45', 'MEANPOT', 'AREA_ACR']
/media/admin123/TOSHIBA EXT/paper/RNN_Att_paper/solar_flare_RNN/data/20220418_202240/test
Bi_LSTM 3 40
[0.56315789 0.56315789]
[0.6625 0.6625]
[0.66710526 0.66710526]
[0.70328947 0.70328947]
[0.62565789 0.62565789]
[0.67960526 0.67960526]
[0.60986842 0.60986842]
[0.72960526 0.72960526]
[0.69078947 0.69078947]
[0.6375 0.6375]
0.6569078947368422	0.04646455809840202	0.6569±0.0465
==================================
['SHRGT45', 'MEANPOT', 'AREA_ACR', 'TOTPOT']
/media/admin123/TOSHIBA EXT/paper/RNN_Att_paper/solar_flare_RNN/data/20220418_202240/test
Bi_LSTM 4 40
[0.56513158 0.56513158]
[0.69671053 0.69671053]
[0.61907895 0.61907895]
[0.67828947 0.67828947]
[0.56513158 0.56513158]
[0.67302632 0.67302632]
[0.63684211 0.63684211]
[0.63684211 0.63684211]
[0.63618421 0.63618421]
[0.61118421 0.61118421]
0.6318421052631579	0.041976777645453475	0.6318±0.0420
==================================
['SHRGT45', 'MEANPOT', 'AREA_ACR', 'TOTPOT', 'SAVNCPP']
/media/admin123/TOSHIBA EXT/paper/RNN_Att_paper/solar_flare_RNN/data/20220418_202240/test
Bi_LSTM 5 40
[0.53618421 0.53618421]
[0.71973684 0.71973684]
[0.62302632 0.62302632]
[0.60789474 0.60789474]
[0.60657895 0.60657895]
[0.68355263 0.68355263]
[0.59210526 0.59210526]
[0.72828947 0.72828947]
[0.62302632 0.62302632]
[0.58552632 0.58552632]
0.630592105263158	0.05824746763722508	0.6306±0.0582
==================================
['SHRGT45', 'MEANPOT', 'AREA_ACR', 'TOTPOT', 'SAVNCPP', 'ABSNJZH']
/media/admin123/TOSHIBA EXT/paper/RNN_Att_paper/solar_flare_RNN/data/20220418_202240/test
Bi_LSTM 6 40
[0.55855263 0.55855263]
[0.68421053 0.68421053]
[0.59802632 0.59802632]
[0.68289474 0.68289474]
[0.58026316 0.58026316]
[0.65657895 0.65657895]
[0.61052632 0.61052632]
[0.67960526 0.67960526]
[0.62697368 0.62697368]
[0.60065789 0.60065789]
0.627828947368421	0.043251312967437186	0.6278±0.0433
==================================
['SHRGT45', 'MEANPOT', 'AREA_ACR', 'TOTPOT', 'SAVNCPP', 'ABSNJZH', 'TOTUSJZ']
/media/admin123/TOSHIBA EXT/paper/RNN_Att_paper/solar_flare_RNN/data/20220418_202240/test
Bi_LSTM 7 40
[0.55394737 0.55394737]
[0.71973684 0.71973684]
[0.66973684 0.66973684]
[0.65986842 0.65986842]
[0.55921053 0.55921053]
[0.66710526 0.66710526]
[0.60657895 0.60657895]
[0.73881579 0.73881579]
[0.64210526 0.64210526]
[0.60197368 0.60197368]
0.6419078947368421	0.05882112450783009	0.6419±0.0588
==================================
['SHRGT45', 'MEANPOT', 'AREA_ACR', 'TOTPOT', 'SAVNCPP', 'ABSNJZH', 'TOTUSJZ', 'TOTUSJH']
/media/admin123/TOSHIBA EXT/paper/RNN_Att_paper/solar_flare_RNN/data/20220418_202240/test
Bi_LSTM 8 40
[0.54407895 0.54407895]
[0.69671053 0.69671053]
[0.64013158 0.64013158]
[0.66776316 0.66776316]
[0.66513158 0.66513158]
[0.67763158 0.67763158]
[0.63157895 0.63157895]
[0.72631579 0.72631579]
[0.5875 0.5875]
[0.59605263 0.59605263]
0.6432894736842106	0.05228404999286597	0.6433±0.0523
==================================
['SHRGT45']
/media/admin123/TOSHIBA EXT/paper/RNN_Att_paper/solar_flare_RNN/data/20220418_202240/test
GRU 1 40
[0.57697368 0.57697368]
[0.70065789 0.70065789]
[0.70328947 0.70328947]
[0.70328947 0.70328947]
[0.71184211 0.71184211]
[0.65 0.65]
[0.6375 0.6375]
[0.72171053 0.72171053]
[0.66118421 0.66118421]
[0.64210526 0.64210526]
0.6708552631578948	0.043057740415577896	0.6709±0.0431
==================================
['SHRGT45', 'MEANPOT']
/media/admin123/TOSHIBA EXT/paper/RNN_Att_paper/solar_flare_RNN/data/20220418_202240/test
GRU 2 40
[0.59210526 0.59210526]
[0.72171053 0.72171053]
[0.67171053 0.67171053]
[0.66118421 0.66118421]
[0.63421053 0.63421053]
[0.65855263 0.65855263]
[0.62697368 0.62697368]
[0.68618421 0.68618421]
[0.64407895 0.64407895]
[0.64013158 0.64013158]
0.6536842105263159	0.033539987297589106	0.6537±0.0335
==================================
['SHRGT45', 'MEANPOT', 'AREA_ACR']
/media/admin123/TOSHIBA EXT/paper/RNN_Att_paper/solar_flare_RNN/data/20220418_202240/test
GRU 3 40
[0.55855263 0.55855263]
[0.68618421 0.68618421]
[0.67368421 0.67368421]
[0.67631579 0.67631579]
[0.60328947 0.60328947]
[0.66907895 0.66907895]
[0.60460526 0.60460526]
[0.70263158 0.70263158]
[0.66381579 0.66381579]
[0.58618421 0.58618421]
0.6424342105263158	0.04689663628086597	0.6424±0.0469
==================================
['SHRGT45', 'MEANPOT', 'AREA_ACR', 'TOTPOT']
/media/admin123/TOSHIBA EXT/paper/RNN_Att_paper/solar_flare_RNN/data/20220418_202240/test
GRU 4 40
[0.53947368 0.53947368]
[0.67171053 0.67171053]
[0.65065789 0.65065789]
[0.66381579 0.66381579]
[0.56973684 0.56973684]
[0.66710526 0.66710526]
[0.59802632 0.59802632]
[0.69473684 0.69473684]
[0.61776316 0.61776316]
[0.59605263 0.59605263]
0.6269078947368423	0.0478886364680608	0.6269±0.0479
==================================
['SHRGT45', 'MEANPOT', 'AREA_ACR', 'TOTPOT', 'SAVNCPP']
/media/admin123/TOSHIBA EXT/paper/RNN_Att_paper/solar_flare_RNN/data/20220418_202240/test
GRU 5 40
[0.54407895 0.54407895]
[0.70921053 0.70921053]
[0.66315789 0.66315789]
[0.67828947 0.67828947]
[0.55921053 0.55921053]
[0.66710526 0.66710526]
[0.61447368 0.61447368]
[0.72434211 0.72434211]
[0.59671053 0.59671053]
[0.60657895 0.60657895]
0.6363157894736842	0.05820253109649767	0.6363±0.0582
==================================
['SHRGT45', 'MEANPOT', 'AREA_ACR', 'TOTPOT', 'SAVNCPP', 'ABSNJZH']
/media/admin123/TOSHIBA EXT/paper/RNN_Att_paper/solar_flare_RNN/data/20220418_202240/test
GRU 6 40
[0.55657895 0.55657895]
[0.70921053 0.70921053]
[0.63815789 0.63815789]
[0.69078947 0.69078947]
[0.57368421 0.57368421]
[0.67960526 0.67960526]
[0.60592105 0.60592105]
[0.71578947 0.71578947]
[0.58157895 0.58157895]
[0.60657895 0.60657895]
0.6357894736842106	0.05617527354041739	0.6358±0.0562
==================================
['SHRGT45', 'MEANPOT', 'AREA_ACR', 'TOTPOT', 'SAVNCPP', 'ABSNJZH', 'USFLUX']
/media/admin123/TOSHIBA EXT/paper/RNN_Att_paper/solar_flare_RNN/data/20220418_202240/test
GRU 7 40
[0.58815789 0.58815789]
[0.70921053 0.70921053]
[0.63815789 0.63815789]
[0.66381579 0.66381579]
[0.59276316 0.59276316]
[0.69013158 0.69013158]
[0.64407895 0.64407895]
[0.72631579 0.72631579]
[0.62565789 0.62565789]
[0.60657895 0.60657895]
0.6484868421052632	0.04567519200638289	0.6485±0.0457
==================================
['SHRGT45', 'MEANPOT', 'AREA_ACR', 'TOTPOT', 'SAVNCPP', 'ABSNJZH', 'USFLUX', 'TOTUSJZ']
/media/admin123/TOSHIBA EXT/paper/RNN_Att_paper/solar_flare_RNN/data/20220418_202240/test
GRU 8 40
[0.55657895 0.55657895]
[0.69671053 0.69671053]
[0.65065789 0.65065789]
[0.67631579 0.67631579]
[0.55921053 0.55921053]
[0.67960526 0.67960526]
[0.63947368 0.63947368]
[0.72434211 0.72434211]
[0.62171053 0.62171053]
[0.59605263 0.59605263]
0.6400657894736842	0.05392847069520463	0.6401±0.0539
==================================
['MEANPOT']
/media/admin123/TOSHIBA EXT/paper/RNN_Att_paper/solar_flare_RNN/data/20220418_202240/test
Bi_GRU 1 40
[0.64407895 0.64407895]
[0.75065789 0.75065789]
[0.74868421 0.74868421]
[0.73684211 0.73684211]
[0.66710526 0.66710526]
[0.63026316 0.63026316]
[0.675 0.675]
[0.71513158 0.71513158]
[0.68026316 0.68026316]
[0.65657895 0.65657895]
0.6904605263157895	0.04193453255701826	0.6905±0.0419
==================================
['MEANPOT', 'SHRGT45']
/media/admin123/TOSHIBA EXT/paper/RNN_Att_paper/solar_flare_RNN/data/20220418_202240/test
Bi_GRU 2 40
[0.56644737 0.56644737]
[0.675 0.675]
[0.71973684 0.71973684]
[0.69671053 0.69671053]
[0.67171053 0.67171053]
[0.59276316 0.59276316]
[0.66644737 0.66644737]
[0.64407895 0.64407895]
[0.64671053 0.64671053]
[0.65855263 0.65855263]
0.6538157894736842	0.04317694541023542	0.6538±0.0432
==================================
['MEANPOT', 'SHRGT45', 'AREA_ACR']
/media/admin123/TOSHIBA EXT/paper/RNN_Att_paper/solar_flare_RNN/data/20220418_202240/test
Bi_GRU 3 40
[0.57105263 0.57105263]
[0.69013158 0.69013158]
[0.67368421 0.67368421]
[0.66381579 0.66381579]
[0.59868421 0.59868421]
[0.65197368 0.65197368]
[0.63947368 0.63947368]
[0.68815789 0.68815789]
[0.66381579 0.66381579]
[0.62105263 0.62105263]
0.6461842105263158	0.036989601368739876	0.6462±0.0370
==================================
['MEANPOT', 'SHRGT45', 'AREA_ACR', 'TOTPOT']
/media/admin123/TOSHIBA EXT/paper/RNN_Att_paper/solar_flare_RNN/data/20220418_202240/test
Bi_GRU 4 40
[0.52302632 0.52302632]
[0.71973684 0.71973684]
[0.62565789 0.62565789]
[0.59736842 0.59736842]
[0.56973684 0.56973684]
[0.70065789 0.70065789]
[0.6125 0.6125]
[0.69210526 0.69210526]
[0.61513158 0.61513158]
[0.5875 0.5875]
0.6243421052631579	0.0592236827488628	0.6243±0.0592
==================================
['MEANPOT', 'SHRGT45', 'AREA_ACR', 'TOTPOT', 'ABSNJZH']
/media/admin123/TOSHIBA EXT/paper/RNN_Att_paper/solar_flare_RNN/data/20220418_202240/test
Bi_GRU 5 40
[0.53947368 0.53947368]
[0.70921053 0.70921053]
[0.67565789 0.67565789]
[0.69078947 0.69078947]
[0.61710526 0.61710526]
[0.67565789 0.67565789]
[0.61184211 0.61184211]
[0.67565789 0.67565789]
[0.57565789 0.57565789]
[0.60460526 0.60460526]
0.6375657894736844	0.05285843379769879	0.6376±0.0529
==================================
['MEANPOT', 'SHRGT45', 'AREA_ACR', 'TOTPOT', 'ABSNJZH', 'SAVNCPP']
/media/admin123/TOSHIBA EXT/paper/RNN_Att_paper/solar_flare_RNN/data/20220418_202240/test
Bi_GRU 6 40
[0.52434211 0.52434211]
[0.70921053 0.70921053]
[0.67763158 0.67763158]
[0.67828947 0.67828947]
[0.59210526 0.59210526]
[0.68815789 0.68815789]
[0.60197368 0.60197368]
[0.71776316 0.71776316]
[0.64013158 0.64013158]
[0.59802632 0.59802632]
0.6427631578947368	0.05902602834479604	0.6428±0.0590
==================================
['MEANPOT', 'SHRGT45', 'AREA_ACR', 'TOTPOT', 'ABSNJZH', 'SAVNCPP', 'TOTUSJZ']
/media/admin123/TOSHIBA EXT/paper/RNN_Att_paper/solar_flare_RNN/data/20220418_202240/test
Bi_GRU 7 40
[0.60394737 0.60394737]
[0.71973684 0.71973684]
[0.65657895 0.65657895]
[0.68881579 0.68881579]
[0.53026316 0.53026316]
[0.68815789 0.68815789]
[0.60197368 0.60197368]
[0.71578947 0.71578947]
[0.62828947 0.62828947]
[0.60657895 0.60657895]
0.6440131578947368	0.0574108441043643	0.6440±0.0574
==================================
['MEANPOT', 'SHRGT45', 'AREA_ACR', 'TOTPOT', 'ABSNJZH', 'SAVNCPP', 'TOTUSJZ', 'TOTUSJH']
/media/admin123/TOSHIBA EXT/paper/RNN_Att_paper/solar_flare_RNN/data/20220418_202240/test
Bi_GRU 8 40
[0.54144737 0.54144737]
[0.69671053 0.69671053]
[0.66710526 0.66710526]
[0.52828947 0.52828947]
[0.54078947 0.54078947]
[0.64802632 0.64802632]
[0.62697368 0.62697368]
[0.69868421 0.69868421]
[0.61578947 0.61578947]
[0.58552632 0.58552632]
0.6149342105263157	0.06077327335965741	0.6149±0.0608
==================================

Process finished with exit code 0
