['R_VALUE']
/media/admin123/TOSHIBA EXT/paper/RNN_Att_paper/solar_flare_RNN/data/20220418_202240/test
LSTM 1 40
[0.67142857 0.67142857]
[0.77142857 0.77142857]
[0.59285714 0.59285714]
[0.68571429 0.68571429]
[0.69285714 0.69285714]
[0.67857143 0.67857143]
[0.67857143 0.67857143]
[0.65714286 0.65714286]
[0.72857143 0.72857143]
[0.55714286 0.55714286]
0.6714285714285715	0.05785273351804739	0.6714±0.0579
==================================
['R_VALUE', 'SAVNCPP']
/media/admin123/TOSHIBA EXT/paper/RNN_Att_paper/solar_flare_RNN/data/20220418_202240/test
LSTM 2 40
WARNING:tensorflow:From /home/admin123/anaconda3/envs/tf115/lib/python3.6/site-packages/keras/backend/tensorflow_backend.py:95: The name tf.reset_default_graph is deprecated. Please use tf.compat.v1.reset_default_graph instead.

[0.65 0.65]
[0.77142857 0.77142857]
[0.69285714 0.69285714]
[0.69285714 0.69285714]
[0.72857143 0.72857143]
[0.61428571 0.61428571]
[0.70714286 0.70714286]
[0.75 0.75]
[0.71428571 0.71428571]
[0.60714286 0.60714286]
0.6928571428571428	0.05170560305958245	0.6929±0.0517
==================================
['R_VALUE', 'SAVNCPP', 'ABSNJZH']
/media/admin123/TOSHIBA EXT/paper/RNN_Att_paper/solar_flare_RNN/data/20220418_202240/test
LSTM 3 40
[0.60714286 0.60714286]
[0.73571429 0.73571429]
[0.60714286 0.60714286]
[0.45714286 0.45714286]
[0.65714286 0.65714286]
[0.62142857 0.62142857]
[0.58571429 0.58571429]
[0.61428571 0.61428571]
[0.61428571 0.61428571]
[0.65 0.65]
0.615	0.06596613231230776	0.6150±0.0660
==================================
['R_VALUE', 'SAVNCPP', 'ABSNJZH', 'TOTUSJH']
/media/admin123/TOSHIBA EXT/paper/RNN_Att_paper/solar_flare_RNN/data/20220418_202240/test
LSTM 4 40
[0.55714286 0.55714286]
[0.71428571 0.71428571]
[0.67142857 0.67142857]
[0.44285714 0.44285714]
[0.5 0.5]
[0.57142857 0.57142857]
[0.56428571 0.56428571]
[0.68571429 0.68571429]
[0.71428571 0.71428571]
[0.57142857 0.57142857]
0.5992857142857143	0.08832049707786768	0.5993±0.0883
==================================
['R_VALUE', 'SAVNCPP', 'ABSNJZH', 'TOTUSJH', 'TOTUSJZ']
/media/admin123/TOSHIBA EXT/paper/RNN_Att_paper/solar_flare_RNN/data/20220418_202240/test
LSTM 5 40
[0.54285714 0.54285714]
[0.64285714 0.64285714]
[0.66428571 0.66428571]
[0.39285714 0.39285714]
[0.64285714 0.64285714]
[0.55 0.55]
[0.55 0.55]
[0.57857143 0.57857143]
[0.67142857 0.67142857]
[0.61428571 0.61428571]
0.585	0.07905371462441446	0.5850±0.0791
==================================
['R_VALUE', 'SAVNCPP', 'ABSNJZH', 'TOTUSJH', 'TOTUSJZ', 'TOTPOT']
/media/admin123/TOSHIBA EXT/paper/RNN_Att_paper/solar_flare_RNN/data/20220418_202240/test
LSTM 6 40
[0.48571429 0.48571429]
[0.57142857 0.57142857]
[0.71428571 0.71428571]
[0.37142857 0.37142857]
[0.62857143 0.62857143]
[0.6 0.6]
[0.63571429 0.63571429]
[0.55714286 0.55714286]
[0.57142857 0.57142857]
[0.61428571 0.61428571]
0.575	0.08825114903570631	0.5750±0.0883
==================================
['R_VALUE', 'SAVNCPP', 'ABSNJZH', 'TOTUSJH', 'TOTUSJZ', 'TOTPOT', 'USFLUX']
/media/admin123/TOSHIBA EXT/paper/RNN_Att_paper/solar_flare_RNN/data/20220418_202240/test
LSTM 7 40
[0.40714286 0.40714286]
[0.51428571 0.51428571]
[0.45714286 0.45714286]
[0.37857143 0.37857143]
[0.5 0.5]
[0.51428571 0.51428571]
[0.49285714 0.49285714]
[0.45714286 0.45714286]
[0.54285714 0.54285714]
[0.46428571 0.46428571]
0.47285714285714286	0.04821296294481774	0.4729±0.0482
==================================
['R_VALUE', 'SAVNCPP', 'ABSNJZH', 'TOTUSJH', 'TOTUSJZ', 'TOTPOT', 'USFLUX', 'AREA_ACR']
/media/admin123/TOSHIBA EXT/paper/RNN_Att_paper/solar_flare_RNN/data/20220418_202240/test
LSTM 8 40
[0.37857143 0.37857143]
[0.32857143 0.32857143]
[0.46428571 0.46428571]
[0.35 0.35]
[0.45714286 0.45714286]
[0.47857143 0.47857143]
[0.35714286 0.35714286]
[0.5 0.5]
[0.44285714 0.44285714]
[0.42142857 0.42142857]
0.41785714285714287	0.05707585357420849	0.4179±0.0571
==================================
['R_VALUE']
/media/admin123/TOSHIBA EXT/paper/RNN_Att_paper/solar_flare_RNN/data/20220418_202240/test
Bi_LSTM 1 40
[0.67142857 0.67142857]
[0.75 0.75]
[0.64285714 0.64285714]
[0.69285714 0.69285714]
[0.69285714 0.69285714]
[0.55 0.55]
[0.60714286 0.60714286]
[0.75 0.75]
[0.60714286 0.60714286]
[0.53571429 0.53571429]
0.6500000000000001	0.07135710710709814	0.6500±0.0714
==================================
['R_VALUE', 'SAVNCPP']
/media/admin123/TOSHIBA EXT/paper/RNN_Att_paper/solar_flare_RNN/data/20220418_202240/test
Bi_LSTM 2 40
[0.55714286 0.55714286]
[0.77857143 0.77857143]
[0.7 0.7]
[0.62142857 0.62142857]
[0.67142857 0.67142857]
[0.67142857 0.67142857]
[0.65 0.65]
[0.69285714 0.69285714]
[0.78571429 0.78571429]
[0.62142857 0.62142857]
0.675	0.06648998697057278	0.6750±0.0665
==================================
['R_VALUE', 'SAVNCPP', 'ABSNJZH']
/media/admin123/TOSHIBA EXT/paper/RNN_Att_paper/solar_flare_RNN/data/20220418_202240/test
Bi_LSTM 3 40
[0.47142857 0.47142857]
[0.73571429 0.73571429]
[0.7 0.7]
[0.49285714 0.49285714]
[0.66428571 0.66428571]
[0.57857143 0.57857143]
[0.6 0.6]
[0.65714286 0.65714286]
[0.60714286 0.60714286]
[0.56428571 0.56428571]
0.6071428571428572	0.08068583569395964	0.6071±0.0807
==================================
['R_VALUE', 'SAVNCPP', 'ABSNJZH', 'TOTUSJH']
/media/admin123/TOSHIBA EXT/paper/RNN_Att_paper/solar_flare_RNN/data/20220418_202240/test
Bi_LSTM 4 40
[0.42857143 0.42857143]
[0.64285714 0.64285714]
[0.68571429 0.68571429]
[0.50714286 0.50714286]
[0.63571429 0.63571429]
[0.57857143 0.57857143]
[0.57142857 0.57142857]
[0.63571429 0.63571429]
[0.66428571 0.66428571]
[0.58571429 0.58571429]
0.5935714285714286	0.07412413746615902	0.5936±0.0741
==================================
['R_VALUE', 'SAVNCPP', 'ABSNJZH', 'TOTUSJH', 'TOTUSJZ']
/media/admin123/TOSHIBA EXT/paper/RNN_Att_paper/solar_flare_RNN/data/20220418_202240/test
Bi_LSTM 5 40
[0.47857143 0.47857143]
[0.65 0.65]
[0.59285714 0.59285714]
[0.47857143 0.47857143]
[0.59285714 0.59285714]
[0.47857143 0.47857143]
[0.60714286 0.60714286]
[0.62142857 0.62142857]
[0.52857143 0.52857143]
[0.58571429 0.58571429]
0.5614285714285714	0.0614617850408541	0.5614±0.0615
==================================
['R_VALUE', 'SAVNCPP', 'ABSNJZH', 'TOTUSJH', 'TOTUSJZ', 'TOTPOT']
/media/admin123/TOSHIBA EXT/paper/RNN_Att_paper/solar_flare_RNN/data/20220418_202240/test
Bi_LSTM 6 40
[0.45714286 0.45714286]
[0.58571429 0.58571429]
[0.67857143 0.67857143]
[0.4 0.4]
[0.62142857 0.62142857]
[0.65714286 0.65714286]
[0.52142857 0.52142857]
[0.57142857 0.57142857]
[0.57142857 0.57142857]
[0.58571429 0.58571429]
0.5650000000000001	0.08140663865021408	0.5650±0.0814
==================================
['R_VALUE', 'SAVNCPP', 'ABSNJZH', 'TOTUSJH', 'TOTUSJZ', 'TOTPOT', 'USFLUX']
/media/admin123/TOSHIBA EXT/paper/RNN_Att_paper/solar_flare_RNN/data/20220418_202240/test
Bi_LSTM 7 40
[0.42142857 0.42142857]
[0.5 0.5]
[0.53571429 0.53571429]
[0.26428571 0.26428571]
[0.49285714 0.49285714]
[0.53571429 0.53571429]
[0.42857143 0.42857143]
[0.52142857 0.52142857]
[0.47857143 0.47857143]
[0.47857143 0.47857143]
0.46571428571428575	0.07685130089321582	0.4657±0.0769
==================================
['R_VALUE', 'SAVNCPP', 'ABSNJZH', 'TOTUSJH', 'TOTUSJZ', 'TOTPOT', 'USFLUX', 'AREA_ACR']
/media/admin123/TOSHIBA EXT/paper/RNN_Att_paper/solar_flare_RNN/data/20220418_202240/test
Bi_LSTM 8 40
[0.4 0.4]
[0.35714286 0.35714286]
[0.42857143 0.42857143]
[0.29285714 0.29285714]
[0.47142857 0.47142857]
[0.44285714 0.44285714]
[0.37857143 0.37857143]
[0.45714286 0.45714286]
[0.46428571 0.46428571]
[0.40714286 0.40714286]
0.41000000000000003	0.05289573880449603	0.4100±0.0529
==================================
['R_VALUE']
/media/admin123/TOSHIBA EXT/paper/RNN_Att_paper/solar_flare_RNN/data/20220418_202240/test
GRU 1 40
[0.64285714 0.64285714]
[0.76428571 0.76428571]
[0.72142857 0.72142857]
[0.61428571 0.61428571]
[0.79285714 0.79285714]
[0.74285714 0.74285714]
[0.7 0.7]
[0.73571429 0.73571429]
[0.72857143 0.72857143]
[0.61428571 0.61428571]
0.7057142857142856	0.05897076411585797	0.7057±0.0590
==================================
['R_VALUE', 'SAVNCPP']
/media/admin123/TOSHIBA EXT/paper/RNN_Att_paper/solar_flare_RNN/data/20220418_202240/test
GRU 2 40
[0.66428571 0.66428571]
[0.76428571 0.76428571]
[0.72857143 0.72857143]
[0.61428571 0.61428571]
[0.75 0.75]
[0.66428571 0.66428571]
[0.69285714 0.69285714]
[0.62142857 0.62142857]
[0.69285714 0.69285714]
[0.60714286 0.60714286]
0.6799999999999999	0.053145929250680776	0.6800±0.0531
==================================
['R_VALUE', 'SAVNCPP', 'ABSNJZH']
/media/admin123/TOSHIBA EXT/paper/RNN_Att_paper/solar_flare_RNN/data/20220418_202240/test
GRU 3 40
[0.67857143 0.67857143]
[0.7 0.7]
[0.66428571 0.66428571]
[0.55 0.55]
[0.67142857 0.67142857]
[0.57142857 0.57142857]
[0.62142857 0.62142857]
[0.68571429 0.68571429]
[0.64285714 0.64285714]
[0.59285714 0.59285714]
0.6378571428571427	0.04907823824657679	0.6379±0.0491
==================================
['R_VALUE', 'SAVNCPP', 'ABSNJZH', 'TOTUSJH']
/media/admin123/TOSHIBA EXT/paper/RNN_Att_paper/solar_flare_RNN/data/20220418_202240/test
GRU 4 40
[0.62142857 0.62142857]
[0.61428571 0.61428571]
[0.64285714 0.64285714]
[0.45714286 0.45714286]
[0.67857143 0.67857143]
[0.55714286 0.55714286]
[0.62142857 0.62142857]
[0.72142857 0.72142857]
[0.56428571 0.56428571]
[0.60714286 0.60714286]
0.6085714285714285	0.06834784979374675	0.6086±0.0683
==================================
['R_VALUE', 'SAVNCPP', 'ABSNJZH', 'TOTUSJH', 'TOTUSJZ']
/media/admin123/TOSHIBA EXT/paper/RNN_Att_paper/solar_flare_RNN/data/20220418_202240/test
GRU 5 40
[0.51428571 0.51428571]
[0.60714286 0.60714286]
[0.67142857 0.67142857]
[0.42857143 0.42857143]
[0.65 0.65]
[0.54285714 0.54285714]
[0.54285714 0.54285714]
[0.56428571 0.56428571]
[0.57857143 0.57857143]
[0.6 0.6]
0.5700000000000001	0.06607046331341242	0.5700±0.0661
==================================
['R_VALUE', 'SAVNCPP', 'ABSNJZH', 'TOTUSJH', 'TOTUSJZ', 'USFLUX']
/media/admin123/TOSHIBA EXT/paper/RNN_Att_paper/solar_flare_RNN/data/20220418_202240/test
GRU 6 40
[0.50714286 0.50714286]
[0.57142857 0.57142857]
[0.65714286 0.65714286]
[0.45 0.45]
[0.62857143 0.62857143]
[0.47857143 0.47857143]
[0.62857143 0.62857143]
[0.45714286 0.45714286]
[0.55714286 0.55714286]
[0.55 0.55]
0.5485714285714286	0.07062404053890442	0.5486±0.0706
==================================
['R_VALUE', 'SAVNCPP', 'ABSNJZH', 'TOTUSJH', 'TOTUSJZ', 'USFLUX', 'TOTPOT']
/media/admin123/TOSHIBA EXT/paper/RNN_Att_paper/solar_flare_RNN/data/20220418_202240/test
GRU 7 40
[0.46428571 0.46428571]
[0.47857143 0.47857143]
[0.51428571 0.51428571]
[0.32142857 0.32142857]
[0.52142857 0.52142857]
[0.47857143 0.47857143]
[0.55 0.55]
[0.27142857 0.27142857]
[0.48571429 0.48571429]
[0.53571429 0.53571429]
0.4621428571428571	0.08754299235349498	0.4621±0.0875
==================================
['R_VALUE', 'SAVNCPP', 'ABSNJZH', 'TOTUSJH', 'TOTUSJZ', 'USFLUX', 'TOTPOT', 'AREA_ACR']
/media/admin123/TOSHIBA EXT/paper/RNN_Att_paper/solar_flare_RNN/data/20220418_202240/test
GRU 8 40
[0.4 0.4]
[0.46428571 0.46428571]
[0.55714286 0.55714286]
[0.36428571 0.36428571]
[0.40714286 0.40714286]
[0.45714286 0.45714286]
[0.32142857 0.32142857]
[0.41428571 0.41428571]
[0.37142857 0.37142857]
[0.4 0.4]
0.41571428571428565	0.06175990377490652	0.4157±0.0618
==================================
['R_VALUE']
/media/admin123/TOSHIBA EXT/paper/RNN_Att_paper/solar_flare_RNN/data/20220418_202240/test
Bi_GRU 1 40
[0.61428571 0.61428571]
[0.74285714 0.74285714]
[0.71428571 0.71428571]
[0.63571429 0.63571429]
[0.75 0.75]
[0.6 0.6]
[0.67857143 0.67857143]
[0.72142857 0.72142857]
[0.7 0.7]
[0.64285714 0.64285714]
0.68	0.05118992247762548	0.6800±0.0512
==================================
['R_VALUE', 'SAVNCPP']
/media/admin123/TOSHIBA EXT/paper/RNN_Att_paper/solar_flare_RNN/data/20220418_202240/test
Bi_GRU 2 40
[0.68571429 0.68571429]
[0.76428571 0.76428571]
[0.76428571 0.76428571]
[0.62142857 0.62142857]
[0.75 0.75]
[0.65 0.65]
[0.70714286 0.70714286]
[0.72857143 0.72857143]
[0.7 0.7]
[0.68571429 0.68571429]
0.7057142857142857	0.04515280179794029	0.7057±0.0452
==================================
['R_VALUE', 'SAVNCPP', 'ABSNJZH']
/media/admin123/TOSHIBA EXT/paper/RNN_Att_paper/solar_flare_RNN/data/20220418_202240/test
Bi_GRU 3 40
[0.61428571 0.61428571]
[0.7 0.7]
[0.69285714 0.69285714]
[0.50714286 0.50714286]
[0.67142857 0.67142857]
[0.55714286 0.55714286]
[0.59285714 0.59285714]
[0.7 0.7]
[0.59285714 0.59285714]
[0.64285714 0.64285714]
0.627142857142857	0.06241729221415278	0.6271±0.0624
==================================
['R_VALUE', 'SAVNCPP', 'ABSNJZH', 'TOTUSJZ']
/media/admin123/TOSHIBA EXT/paper/RNN_Att_paper/solar_flare_RNN/data/20220418_202240/test
Bi_GRU 4 40
[0.67142857 0.67142857]
[0.7 0.7]
[0.67857143 0.67857143]
[0.46428571 0.46428571]
[0.66428571 0.66428571]
[0.63571429 0.63571429]
[0.65 0.65]
[0.71428571 0.71428571]
[0.64285714 0.64285714]
[0.64285714 0.64285714]
0.6464285714285714	0.06540688973257935	0.6464±0.0654
==================================
['R_VALUE', 'SAVNCPP', 'ABSNJZH', 'TOTUSJZ', 'TOTUSJH']
/media/admin123/TOSHIBA EXT/paper/RNN_Att_paper/solar_flare_RNN/data/20220418_202240/test
Bi_GRU 5 40
[0.5 0.5]
[0.64285714 0.64285714]
[0.65 0.65]
[0.49285714 0.49285714]
[0.67857143 0.67857143]
[0.61428571 0.61428571]
[0.6 0.6]
[0.56428571 0.56428571]
[0.64285714 0.64285714]
[0.62857143 0.62857143]
0.6014285714285712	0.060084973842323086	0.6014±0.0601
==================================
['R_VALUE', 'SAVNCPP', 'ABSNJZH', 'TOTUSJZ', 'TOTUSJH', 'USFLUX']
/media/admin123/TOSHIBA EXT/paper/RNN_Att_paper/solar_flare_RNN/data/20220418_202240/test
Bi_GRU 6 40
[0.5 0.5]
[0.65714286 0.65714286]
[0.6 0.6]
[0.47142857 0.47142857]
[0.6 0.6]
[0.48571429 0.48571429]
[0.64285714 0.64285714]
[0.50714286 0.50714286]
[0.50714286 0.50714286]
[0.57142857 0.57142857]
0.5542857142857143	0.06469709642413861	0.5543±0.0647
==================================
['R_VALUE', 'SAVNCPP', 'ABSNJZH', 'TOTUSJZ', 'TOTUSJH', 'USFLUX', 'TOTPOT']
/media/admin123/TOSHIBA EXT/paper/RNN_Att_paper/solar_flare_RNN/data/20220418_202240/test
Bi_GRU 7 40
[0.33571429 0.33571429]
[0.54285714 0.54285714]
[0.47142857 0.47142857]
[0.4 0.4]
[0.45714286 0.45714286]
[0.57142857 0.57142857]
[0.49285714 0.49285714]
[0.48571429 0.48571429]
[0.52857143 0.52857143]
[0.47857143 0.47857143]
0.4764285714285714	0.06523505380466825	0.4764±0.0652
==================================
['R_VALUE', 'SAVNCPP', 'ABSNJZH', 'TOTUSJZ', 'TOTUSJH', 'USFLUX', 'TOTPOT', 'AREA_ACR']
/media/admin123/TOSHIBA EXT/paper/RNN_Att_paper/solar_flare_RNN/data/20220418_202240/test
Bi_GRU 8 40
[0.43571429 0.43571429]
[0.42142857 0.42142857]
[0.45 0.45]
[0.33571429 0.33571429]
[0.21428571 0.21428571]
[0.47142857 0.47142857]
[0.45714286 0.45714286]
[0.39285714 0.39285714]
[0.44285714 0.44285714]
[0.44285714 0.44285714]
0.4064285714285715	0.07384830010617326	0.4064±0.0738
==================================
