['SHRGT45']
/media/admin123/TOSHIBA EXT/paper/RNN_Att_paper/solar_flare_RNN/data/20220418_202240/test
LSTM 1 40
[0.65714286 0.65714286]
[0.72142857 0.72142857]
[0.70714286 0.70714286]
[0.66428571 0.66428571]
[0.75 0.75]
[0.64285714 0.64285714]
[0.67857143 0.67857143]
[0.7 0.7]
[0.62857143 0.62857143]
[0.61428571 0.61428571]
0.6764285714285714	0.04091429569034197	0.6764±0.0409
==================================
['SHRGT45', 'MEANPOT']
/media/admin123/TOSHIBA EXT/paper/RNN_Att_paper/solar_flare_RNN/data/20220418_202240/test
LSTM 2 40
[0.66428571 0.66428571]
[0.65714286 0.65714286]
[0.67857143 0.67857143]
[0.62857143 0.62857143]
[0.67142857 0.67142857]
[0.7 0.7]
[0.7 0.7]
[0.61428571 0.61428571]
[0.68571429 0.68571429]
[0.63571429 0.63571429]
0.6635714285714286	0.028112383791649185	0.6636±0.0281
==================================
['SHRGT45', 'MEANPOT', 'AREA_ACR']
/media/admin123/TOSHIBA EXT/paper/RNN_Att_paper/solar_flare_RNN/data/20220418_202240/test
LSTM 3 40
[0.62142857 0.62142857]
[0.71428571 0.71428571]
[0.58571429 0.58571429]
[0.67142857 0.67142857]
[0.68571429 0.68571429]
[0.65 0.65]
[0.67142857 0.67142857]
[0.69285714 0.69285714]
[0.62142857 0.62142857]
[0.6 0.6]
0.6514285714285715	0.04050699108216522	0.6514±0.0405
==================================
['SHRGT45', 'MEANPOT', 'AREA_ACR', 'USFLUX']
/media/admin123/TOSHIBA EXT/paper/RNN_Att_paper/solar_flare_RNN/data/20220418_202240/test
LSTM 4 40
[0.6 0.6]
[0.67142857 0.67142857]
[0.63571429 0.63571429]
[0.64285714 0.64285714]
[0.57142857 0.57142857]
[0.70714286 0.70714286]
[0.75714286 0.75714286]
[0.64285714 0.64285714]
[0.72142857 0.72142857]
[0.63571429 0.63571429]
0.6585714285714286	0.053623783940352734	0.6586±0.0536
==================================
['SHRGT45', 'MEANPOT', 'AREA_ACR', 'USFLUX', 'TOTPOT']
/media/admin123/TOSHIBA EXT/paper/RNN_Att_paper/solar_flare_RNN/data/20220418_202240/test
LSTM 5 40
[0.65714286 0.65714286]
[0.70714286 0.70714286]
[0.65 0.65]
[0.57142857 0.57142857]
[0.5 0.5]
[0.71428571 0.71428571]
[0.77142857 0.77142857]
[0.66428571 0.66428571]
[0.7 0.7]
[0.6 0.6]
0.6535714285714286	0.07479563994713888	0.6536±0.0748
==================================
['SHRGT45', 'MEANPOT', 'AREA_ACR', 'USFLUX', 'TOTPOT', 'TOTUSJZ']
/media/admin123/TOSHIBA EXT/paper/RNN_Att_paper/solar_flare_RNN/data/20220418_202240/test
LSTM 6 40
[0.63571429 0.63571429]
[0.71428571 0.71428571]
[0.65 0.65]
[0.54285714 0.54285714]
[0.61428571 0.61428571]
[0.7 0.7]
[0.72142857 0.72142857]
[0.68571429 0.68571429]
[0.59285714 0.59285714]
[0.59285714 0.59285714]
0.6449999999999999	0.056789083458002716	0.6450±0.0568
==================================
['SHRGT45', 'MEANPOT', 'AREA_ACR', 'USFLUX', 'TOTPOT', 'TOTUSJZ', 'TOTUSJH']
/media/admin123/TOSHIBA EXT/paper/RNN_Att_paper/solar_flare_RNN/data/20220418_202240/test
LSTM 7 40
[0.62142857 0.62142857]
[0.63571429 0.63571429]
[0.65 0.65]
[0.58571429 0.58571429]
[0.72857143 0.72857143]
[0.70714286 0.70714286]
[0.72857143 0.72857143]
[0.72142857 0.72142857]
[0.70714286 0.70714286]
[0.61428571 0.61428571]
0.6699999999999999	0.05138887356744274	0.6700±0.0514
==================================
['SHRGT45', 'MEANPOT', 'AREA_ACR', 'USFLUX', 'TOTPOT', 'TOTUSJZ', 'TOTUSJH', 'ABSNJZH']
/media/admin123/TOSHIBA EXT/paper/RNN_Att_paper/solar_flare_RNN/data/20220418_202240/test
LSTM 8 40
[0.59285714 0.59285714]
[0.76428571 0.76428571]
[0.73571429 0.73571429]
[0.57142857 0.57142857]
[0.71428571 0.71428571]
[0.64285714 0.64285714]
[0.76428571 0.76428571]
[0.57142857 0.57142857]
[0.65 0.65]
[0.62142857 0.62142857]
0.662857142857143	0.07240757655699534	0.6629±0.0724
==================================
['SHRGT45']
/media/admin123/TOSHIBA EXT/paper/RNN_Att_paper/solar_flare_RNN/data/20220418_202240/test
Bi_LSTM 1 40
[0.69285714 0.69285714]
[0.69285714 0.69285714]
[0.75714286 0.75714286]
[0.55 0.55]
[0.76428571 0.76428571]
[0.7 0.7]
[0.67857143 0.67857143]
[0.73571429 0.73571429]
[0.75714286 0.75714286]
[0.7 0.7]
0.7028571428571428	0.0590917653712755	0.7029±0.0591
==================================
['SHRGT45', 'MEANPOT']
/media/admin123/TOSHIBA EXT/paper/RNN_Att_paper/solar_flare_RNN/data/20220418_202240/test
Bi_LSTM 2 40
[0.59285714 0.59285714]
[0.71428571 0.71428571]
[0.64285714 0.64285714]
[0.63571429 0.63571429]
[0.72142857 0.72142857]
[0.7 0.7]
[0.75 0.75]
[0.70714286 0.70714286]
[0.65 0.65]
[0.65 0.65]
0.6764285714285714	0.04640658820223082	0.6764±0.0464
==================================
['SHRGT45', 'MEANPOT', 'AREA_ACR']
/media/admin123/TOSHIBA EXT/paper/RNN_Att_paper/solar_flare_RNN/data/20220418_202240/test
Bi_LSTM 3 40
[0.55 0.55]
[0.75714286 0.75714286]
[0.67142857 0.67142857]
[0.61428571 0.61428571]
[0.57857143 0.57857143]
[0.61428571 0.61428571]
[0.64285714 0.64285714]
[0.6 0.6]
[0.68571429 0.68571429]
[0.6 0.6]
0.6314285714285715	0.056981916214797514	0.6314±0.0570
==================================
['SHRGT45', 'MEANPOT', 'AREA_ACR', 'USFLUX']
/media/admin123/TOSHIBA EXT/paper/RNN_Att_paper/solar_flare_RNN/data/20220418_202240/test
Bi_LSTM 4 40
[0.58571429 0.58571429]
[0.75 0.75]
[0.67857143 0.67857143]
[0.65 0.65]
[0.57142857 0.57142857]
[0.63571429 0.63571429]
[0.71428571 0.71428571]
[0.69285714 0.69285714]
[0.67857143 0.67857143]
[0.63571429 0.63571429]
0.6592857142857144	0.05239664267169517	0.6593±0.0524
==================================
['SHRGT45', 'MEANPOT', 'AREA_ACR', 'USFLUX', 'TOTPOT']
/media/admin123/TOSHIBA EXT/paper/RNN_Att_paper/solar_flare_RNN/data/20220418_202240/test
Bi_LSTM 5 40
[0.62142857 0.62142857]
[0.71428571 0.71428571]
[0.72857143 0.72857143]
[0.55 0.55]
[0.72857143 0.72857143]
[0.69285714 0.69285714]
[0.68571429 0.68571429]
[0.68571429 0.68571429]
[0.57857143 0.57857143]
[0.62142857 0.62142857]
0.6607142857142856	0.060377215597154726	0.6607±0.0604
==================================
['SHRGT45', 'MEANPOT', 'AREA_ACR', 'USFLUX', 'TOTPOT', 'TOTUSJZ']
/media/admin123/TOSHIBA EXT/paper/RNN_Att_paper/solar_flare_RNN/data/20220418_202240/test
Bi_LSTM 6 40
[0.55714286 0.55714286]
[0.72142857 0.72142857]
[0.6 0.6]
[0.62857143 0.62857143]
[0.55 0.55]
[0.72857143 0.72857143]
[0.70714286 0.70714286]
[0.67857143 0.67857143]
[0.67142857 0.67142857]
[0.58571429 0.58571429]
0.6428571428571428	0.06404717648988542	0.6429±0.0640
==================================
['SHRGT45', 'MEANPOT', 'AREA_ACR', 'USFLUX', 'TOTPOT', 'TOTUSJZ', 'TOTUSJH']
/media/admin123/TOSHIBA EXT/paper/RNN_Att_paper/solar_flare_RNN/data/20220418_202240/test
Bi_LSTM 7 40
[0.65714286 0.65714286]
[0.65 0.65]
[0.67857143 0.67857143]
[0.64285714 0.64285714]
[0.75714286 0.75714286]
[0.72142857 0.72142857]
[0.65714286 0.65714286]
[0.7 0.7]
[0.69285714 0.69285714]
[0.57857143 0.57857143]
0.6735714285714287	0.046296515494568	0.6736±0.0463
==================================
['SHRGT45', 'MEANPOT', 'AREA_ACR', 'USFLUX', 'TOTPOT', 'TOTUSJZ', 'TOTUSJH', 'ABSNJZH']
/media/admin123/TOSHIBA EXT/paper/RNN_Att_paper/solar_flare_RNN/data/20220418_202240/test
Bi_LSTM 8 40
[0.63571429 0.63571429]
[0.77857143 0.77857143]
[0.72857143 0.72857143]
[0.67142857 0.67142857]
[0.70714286 0.70714286]
[0.70714286 0.70714286]
[0.67857143 0.67857143]
[0.58571429 0.58571429]
[0.65714286 0.65714286]
[0.62857143 0.62857143]
0.6778571428571428	0.05253278859484826	0.6779±0.0525
==================================
['SHRGT45']
/media/admin123/TOSHIBA EXT/paper/RNN_Att_paper/solar_flare_RNN/data/20220418_202240/test
GRU 1 40
[0.65714286 0.65714286]
[0.73571429 0.73571429]
[0.70714286 0.70714286]
[0.62142857 0.62142857]
[0.73571429 0.73571429]
[0.6 0.6]
[0.74285714 0.74285714]
[0.67142857 0.67142857]
[0.64285714 0.64285714]
[0.67142857 0.67142857]
0.6785714285714286	0.04770230816304	0.6786±0.0477
==================================
['SHRGT45', 'MEANPOT']
/media/admin123/TOSHIBA EXT/paper/RNN_Att_paper/solar_flare_RNN/data/20220418_202240/test
GRU 2 40
[0.65 0.65]
[0.77142857 0.77142857]
[0.70714286 0.70714286]
[0.62142857 0.62142857]
[0.71428571 0.71428571]
[0.75714286 0.75714286]
[0.75 0.75]
[0.73571429 0.73571429]
[0.73571429 0.73571429]
[0.72142857 0.72142857]
0.7164285714285714	0.04484098890205575	0.7164±0.0448
==================================
['SHRGT45', 'MEANPOT', 'AREA_ACR']
/media/admin123/TOSHIBA EXT/paper/RNN_Att_paper/solar_flare_RNN/data/20220418_202240/test
GRU 3 40
[0.6 0.6]
[0.74285714 0.74285714]
[0.66428571 0.66428571]
[0.6 0.6]
[0.68571429 0.68571429]
[0.7 0.7]
[0.70714286 0.70714286]
[0.65 0.65]
[0.7 0.7]
[0.62142857 0.62142857]
0.667142857142857	0.04609218801400479	0.6671±0.0461
==================================
['SHRGT45', 'MEANPOT', 'AREA_ACR', 'TOTPOT']
/media/admin123/TOSHIBA EXT/paper/RNN_Att_paper/solar_flare_RNN/data/20220418_202240/test
GRU 4 40
[0.55 0.55]
[0.76428571 0.76428571]
[0.7 0.7]
[0.60714286 0.60714286]
[0.7 0.7]
[0.72142857 0.72142857]
[0.70714286 0.70714286]
[0.68571429 0.68571429]
[0.52857143 0.52857143]
[0.65 0.65]
0.6614285714285714	0.07278708115918284	0.6614±0.0728
==================================
['SHRGT45', 'MEANPOT', 'AREA_ACR', 'TOTPOT', 'USFLUX']
/media/admin123/TOSHIBA EXT/paper/RNN_Att_paper/solar_flare_RNN/data/20220418_202240/test
GRU 5 40
[0.62857143 0.62857143]
[0.62857143 0.62857143]
[0.67142857 0.67142857]
[0.57142857 0.57142857]
[0.60714286 0.60714286]
[0.71428571 0.71428571]
[0.73571429 0.73571429]
[0.72142857 0.72142857]
[0.65 0.65]
[0.65 0.65]
0.6578571428571429	0.05035081013879173	0.6579±0.0504
==================================
['SHRGT45', 'MEANPOT', 'AREA_ACR', 'TOTPOT', 'USFLUX', 'TOTUSJZ']
/media/admin123/TOSHIBA EXT/paper/RNN_Att_paper/solar_flare_RNN/data/20220418_202240/test
GRU 6 40
[0.6 0.6]
[0.8 0.8]
[0.68571429 0.68571429]
[0.61428571 0.61428571]
[0.67857143 0.67857143]
[0.65 0.65]
[0.75714286 0.75714286]
[0.72142857 0.72142857]
[0.65 0.65]
[0.58571429 0.58571429]
0.6742857142857142	0.06571428571428571	0.6743±0.0657
==================================
['SHRGT45', 'MEANPOT', 'AREA_ACR', 'TOTPOT', 'USFLUX', 'TOTUSJZ', 'TOTUSJH']
/media/admin123/TOSHIBA EXT/paper/RNN_Att_paper/solar_flare_RNN/data/20220418_202240/test
GRU 7 40
[0.59285714 0.59285714]
[0.6 0.6]
[0.67857143 0.67857143]
[0.57142857 0.57142857]
[0.72857143 0.72857143]
[0.72142857 0.72142857]
[0.63571429 0.63571429]
[0.70714286 0.70714286]
[0.63571429 0.63571429]
[0.6 0.6]
0.6471428571428571	0.0548839220351387	0.6471±0.0549
==================================
['SHRGT45', 'MEANPOT', 'AREA_ACR', 'TOTPOT', 'USFLUX', 'TOTUSJZ', 'TOTUSJH', 'ABSNJZH']
/media/admin123/TOSHIBA EXT/paper/RNN_Att_paper/solar_flare_RNN/data/20220418_202240/test
GRU 8 40
[0.59285714 0.59285714]
[0.60714286 0.60714286]
[0.67857143 0.67857143]
[0.57142857 0.57142857]
[0.73571429 0.73571429]
[0.69285714 0.69285714]
[0.77142857 0.77142857]
[0.72142857 0.72142857]
[0.64285714 0.64285714]
[0.65 0.65]
0.6664285714285715	0.06202780811532708	0.6664±0.0620
==================================
['SHRGT45']
/media/admin123/TOSHIBA EXT/paper/RNN_Att_paper/solar_flare_RNN/data/20220418_202240/test
Bi_GRU 1 40
[0.65 0.65]
[0.75714286 0.75714286]
[0.65714286 0.65714286]
[0.63571429 0.63571429]
[0.77142857 0.77142857]
[0.65714286 0.65714286]
[0.63571429 0.63571429]
[0.75 0.75]
[0.76428571 0.76428571]
[0.73571429 0.73571429]
0.7014285714285714	0.05540205551332944	0.7014±0.0554
==================================
['SHRGT45', 'MEANPOT']
/media/admin123/TOSHIBA EXT/paper/RNN_Att_paper/solar_flare_RNN/data/20220418_202240/test
Bi_GRU 2 40
[0.62857143 0.62857143]
[0.75 0.75]
[0.7 0.7]
[0.66428571 0.66428571]
[0.77857143 0.77857143]
[0.71428571 0.71428571]
[0.62142857 0.62142857]
[0.73571429 0.73571429]
[0.72857143 0.72857143]
[0.64285714 0.64285714]
0.6964285714285715	0.0516315439100034	0.6964±0.0516
==================================
['SHRGT45', 'MEANPOT', 'AREA_ACR']
/media/admin123/TOSHIBA EXT/paper/RNN_Att_paper/solar_flare_RNN/data/20220418_202240/test
Bi_GRU 3 40
[0.63571429 0.63571429]
[0.67142857 0.67142857]
[0.74285714 0.74285714]
[0.62857143 0.62857143]
[0.72142857 0.72142857]
[0.71428571 0.71428571]
[0.69285714 0.69285714]
[0.73571429 0.73571429]
[0.7 0.7]
[0.62142857 0.62142857]
0.6864285714285714	0.042672220089268124	0.6864±0.0427
==================================
['SHRGT45', 'MEANPOT', 'AREA_ACR', 'TOTPOT']
/media/admin123/TOSHIBA EXT/paper/RNN_Att_paper/solar_flare_RNN/data/20220418_202240/test
Bi_GRU 4 40
[0.62857143 0.62857143]
[0.66428571 0.66428571]
[0.67142857 0.67142857]
[0.64285714 0.64285714]
[0.75 0.75]
[0.68571429 0.68571429]
[0.70714286 0.70714286]
[0.69285714 0.69285714]
[0.70714286 0.70714286]
[0.62857143 0.62857143]
0.6778571428571428	0.036763169235593626	0.6779±0.0368
==================================
['SHRGT45', 'MEANPOT', 'AREA_ACR', 'TOTPOT', 'USFLUX']
/media/admin123/TOSHIBA EXT/paper/RNN_Att_paper/solar_flare_RNN/data/20220418_202240/test
Bi_GRU 5 40
[0.66428571 0.66428571]
[0.64285714 0.64285714]
[0.69285714 0.69285714]
[0.56428571 0.56428571]
[0.63571429 0.63571429]
[0.72142857 0.72142857]
[0.7 0.7]
[0.64285714 0.64285714]
[0.70714286 0.70714286]
[0.60714286 0.60714286]
0.6578571428571428	0.04666970349691325	0.6579±0.0467
==================================
['SHRGT45', 'MEANPOT', 'AREA_ACR', 'TOTPOT', 'USFLUX', 'TOTUSJH']
/media/admin123/TOSHIBA EXT/paper/RNN_Att_paper/solar_flare_RNN/data/20220418_202240/test
Bi_GRU 6 40
[0.57142857 0.57142857]
[0.68571429 0.68571429]
[0.69285714 0.69285714]
[0.6 0.6]
[0.6 0.6]
[0.72142857 0.72142857]
[0.75714286 0.75714286]
[0.69285714 0.69285714]
[0.7 0.7]
[0.61428571 0.61428571]
0.6635714285714285	0.05885384872889863	0.6636±0.0589
==================================
['SHRGT45', 'MEANPOT', 'AREA_ACR', 'TOTPOT', 'USFLUX', 'TOTUSJH', 'TOTUSJZ']
/media/admin123/TOSHIBA EXT/paper/RNN_Att_paper/solar_flare_RNN/data/20220418_202240/test
Bi_GRU 7 40
[0.62142857 0.62142857]
[0.67142857 0.67142857]
[0.69285714 0.69285714]
[0.65 0.65]
[0.72142857 0.72142857]
[0.67857143 0.67857143]
[0.72857143 0.72857143]
[0.73571429 0.73571429]
[0.67142857 0.67142857]
[0.61428571 0.61428571]
0.6785714285714286	0.04015276949301487	0.6786±0.0402
==================================
['SHRGT45', 'MEANPOT', 'AREA_ACR', 'TOTPOT', 'USFLUX', 'TOTUSJH', 'TOTUSJZ', 'ABSNJZH']
/media/admin123/TOSHIBA EXT/paper/RNN_Att_paper/solar_flare_RNN/data/20220418_202240/test
Bi_GRU 8 40
[0.6 0.6]
[0.67857143 0.67857143]
[0.65714286 0.65714286]
[0.65714286 0.65714286]
[0.72142857 0.72142857]
[0.73571429 0.73571429]
[0.72857143 0.72857143]
[0.7 0.7]
[0.66428571 0.66428571]
[0.64285714 0.64285714]
0.6785714285714286	0.040783149781772	0.6786±0.0408
==================================